10% done
20% done
30% done
40% done
50% done
60% done
70% done
80% done
90% done
(frozenset([(4, 5), (2, 4), (3, 5)]), 0.11096, 0.11110748014770759,
0.0013282462394718184)
(frozenset([(4, 5), (2, 5), (2, 4)]), 0.32608, 0.326786706316787,
0.002164932933321097)
(frozenset([(1, 5), (0, 5), (2, 4)]), 0.00223, 0.002189470932322474,
0.01834114005869367)
(frozenset([(0, 5), (2, 4), (3, 5)]), 0.00171, 0.002189470932322474,
0.24591588994710503)
(frozenset([(2, 5), (2, 4), (3, 5)]), 0.11172, 0.11110748014770759,
0.005497704788353598)
(frozenset([(1, 5), (2, 5), (2, 4)]), 0.11152, 0.11110748014770759,
0.003705920329500268)
(frozenset([(4, 5), (1, 5), (2, 4)]), 0.11059, 0.11110748014770759,
0.004668344875754311)
(frozenset([(4, 5), (0, 5), (2, 4)]), 0.11146, 0.11110748014770759,
0.003167757051106135)
(frozenset([(2, 5), (0, 5), (2, 4)]), 0.11147, 0.11110748014770759,
0.0032574710797501375)
(frozenset([(1, 5), (2, 4), (3, 5)]), 0.00226, 0.002189470932322474,
0.03170222651200098)

Mean difference = 3.20%

